0 0.085840 0.749893 0.118242 0.121563
0 0.917676 0.585024 0.119902 0.121572
0 0.749893 0.752388 0.130723 0.129893
0 0.916431 0.747812 0.125732 0.124062
0 0.083760 0.911431 0.097422 0.098252
0 0.584194 0.914761 0.112412 0.109912
0 0.417119 0.749141 0.096445 0.104082
0 0.750117 0.915884 0.114492 0.107549
0 0.917344 0.916235 0.120039 0.116572
0 0.083506 0.083428 0.140723 0.135723
0 0.250874 0.085088 0.109072 0.109082
0 0.416577 0.085508 0.100752 0.094922
0 0.582690 0.085088 0.104912 0.104082
0 0.751309 0.083843 0.117402 0.121572
0 0.916597 0.084673 0.109912 0.111572
0 0.084761 0.251206 0.104912 0.109912
0 0.249624 0.251626 0.108252 0.107412
0 0.415327 0.249131 0.111572 0.115742
0 0.747559 0.251206 0.119902 0.114912
0 0.915757 0.249961 0.123232 0.124063
0 0.751089 0.419336 0.103389 0.105469
0 0.916235 0.417603 0.104775 0.106162
0 0.583164 0.416216 0.108945 0.107549
0 0.419751 0.416563 0.111025 0.108242
0 0.082510 0.415581 0.116582 0.119072
0 0.084590 0.582944 0.102422 0.100752
0 0.250708 0.585024 0.126572 0.124893
0 0.749062 0.582944 0.117402 0.114072
