0 0.309512 0.487588 0.170664 0.202588
0 0.151914 0.399836 0.184590 0.213426
0 0.164102 0.620304 0.181113 0.216671
0 0.640815 0.211324 0.183721 0.222090
0 0.807993 0.299083 0.180244 0.226428
0 0.848916 0.528214 0.187207 0.212345
0 0.625581 0.425838 0.165439 0.198262
0 0.643862 0.634927 0.175889 0.217752
0 0.518047 0.782266 0.175020 0.213426
0 0.280342 0.259538 0.178496 0.212345
0 0.474507 0.160954 0.162822 0.210170
0 0.467983 0.569386 0.168916 0.208007
0 0.343467 0.722704 0.184590 0.219964
0 0.444033 0.361373 0.169785 0.216671
