0 0.081265 0.332233 0.033467 0.042747
0 0.683643 0.381009 0.038633 0.051836
0 0.010391 0.341784 0.020254 0.045547
0 0.426621 0.823099 0.071387 0.096120
0 0.505942 0.800521 0.073135 0.099844
0 0.777383 0.604596 0.058027 0.076198
0 0.514072 0.456654 0.042871 0.060260
0 0.983247 0.586882 0.031182 0.082096
0 0.328306 0.467064 0.044756 0.058867
0 0.278491 0.375404 0.035439 0.048333
0 0.303906 0.365677 0.031992 0.048333
0 0.196177 0.380124 0.037666 0.048060
0 0.421543 0.317630 0.031348 0.043750
0 0.418271 0.291784 0.029883 0.030599
