0 0.417124 0.559639 0.043193 0.066672
0 0.880703 0.561723 0.049570 0.070810
0 0.831567 0.562158 0.046943 0.071679
0 0.783159 0.559308 0.049873 0.068601
0 0.736499 0.559308 0.048115 0.069485
0 0.691016 0.559521 0.045195 0.068174
0 0.643921 0.558218 0.045498 0.067246
0 0.598525 0.559639 0.044551 0.069234
0 0.552798 0.560022 0.044209 0.065906
0 0.507573 0.558873 0.044893 0.064138
0 0.462939 0.558365 0.045391 0.067688
0 0.372827 0.558115 0.045049 0.065655
0 0.327183 0.557091 0.043877 0.066171
0 0.282290 0.556583 0.043877 0.065655
0 0.232017 0.558741 0.049580 0.065405
