Ball 220.444672 260.44416 834.666496 519.111168
Ball 224.0 290.666496 339.555328 394.66675200000003
Ball 319.111168 255.11116800000002 404.44416 354.667008
Ball 366.222336 309.333504 491.55584 428.44416
Ball 422.221824 391.110912 549.332992 520.889088
Ball 423.999488 280.889088 512.0 358.22208
Ball 496.0 334.22208 600.000512 452.44416
Ball 499.555328 249.77740799999998 592.0 318.222336
Ball 513.777664 315.55584 581.332992 346.666752
Ball 576.0 382.22208 700.444672 510.22233600000004
Ball 581.332992 309.333504 671.111168 378.667008
Ball 597.332992 276.44467199999997 679.110656 326.222592
Ball 738.666496 271.110912 832.0 371.55532800000003
