Ball 241.000448 685.9998720000001 282.000384 730.0001279999999
Ball 295.000064 563.000064 325.999616 594.0003839999999
Ball 375.000064 476.00025600000004 396.000256 500.00025600000004
Ball 446.999552 480.0 472.999936 511.00032
Ball 464.0 519.999744 485.000192 551.000064
Ball 490.000384 520.99968 513.000448 552.0
Ball 536.000512 520.99968 558.999552 551.000064
Ball 590.000128 503.00006399999995 616.999936 528.0
Ball 590.999552 548.000256 620.000256 581.9996160000001
Ball 632.999936 564.0 661.000192 600.999936
