Ball 428.16 462.24345 446.72 482.090544
Ball 440.96 538.43031 460.8 560.83821
Ball 454.4 473.127384 475.52 488.49289799999997
Ball 490.88 471.84732 506.88 488.49289799999997
Ball 492.16 628.062588 510.72 648.549714
Ball 545.92 550.594986 568.32 573.642918
Ball 564.48 467.36574 583.04 484.65135000000004
Ball 593.28 445.597872 611.84 460.963386
Ball 599.68 463.524192 623.36 482.090544
Ball 622.08 508.339992 641.92 529.46715
Ball 688.0 505.779186 710.4 528.187086
Ball 702.08 543.5526 724.48 569.80137
