Ball 157.44 443.52 176.0 462.08025599999996
Ball 161.28 579.84 179.84 595.839744
Ball 182.4 444.800256 199.68 467.199744
Ball 266.24 435.84000000000003 288.64 452.480256
Ball 275.2 438.39974400000006 288.64 454.400256
Ball 277.76 444.800256 296.32 464.64
Ball 286.08 418.56000000000006 305.92 434.559744
Ball 297.6 451.20000000000005 314.88 475.520256
Ball 322.56 478.08000000000004 339.84 499.20000000000005
Ball 324.48 431.36025600000005 341.12 451.20000000000005
Ball 334.72 444.800256 352.0 463.359744
Ball 364.16 449.91974400000004 385.28 472.32
Ball 405.12 526.719744 435.2 546.560256
Ball 481.28 522.8797440000001 506.88 547.839744
Ball 629.76 475.520256 649.6 496.640256
Ball 684.16 487.040256 707.84 503.04
