Ball 0.0 242.55974399999997 22.4 283.520256
Ball 66.56 241.28025599999998 99.2 271.359744
Ball 182.4 271.359744 219.52 308.480256
Ball 268.8 270.080256 305.92 311.04
Ball 295.04 262.400256 332.16 299.52
Ball 314.88 333.44025600000003 359.68 385.280256
Ball 400.64 594.560256 472.32 665.600256
Ball 410.24 213.12 443.52 232.959744
Ball 415.36 227.840256 447.36 261.12
Ball 484.48 578.559744 551.68 657.920256
Ball 508.16 328.32 550.4 376.32
Ball 682.88 273.920256 718.08 313.599744
Ball 769.92 437.120256 825.6 496.640256
Ball 993.28 424.959744 1023.36 484.479744
