Ball 68.48 447.57056 133.12 509.03984
Ball 135.68 450.13212 195.84 509.03984
Ball 219.52 610.20684 325.76 679.35944
Ball 345.6 467.41976000000005 413.44 538.49336
Ball 414.72 542.33536 497.28 646.06392
Ball 450.56 456.535 518.4 518.6441599999999
Ball 506.88 516.0826 560.64 596.12064
Ball 538.24 531.44992 623.36 618.5314
Ball 652.16 455.25455999999997 712.96 517.36372
Ball 774.4 456.535 837.12 522.48616
Ball 850.56 494.95295999999996 919.04 573.70988
Ball 901.76 521.2050399999999 986.88 610.20684
