Ball 229.12 423.23948 251.52 449.49156
Ball 335.36 459.09587999999997 360.32 491.75152
Ball 361.6 453.97344 389.76 481.50664
Ball 396.16 415.55548 419.84 434.12424000000004
Ball 427.52 444.36911999999995 455.04 478.30519999999996
Ball 507.52 457.81544 535.04 475.74363999999997
Ball 542.72 399.54828 561.28 419.39748000000003
Ball 625.92 411.71348 648.96 432.8438
Ball 661.12 373.29552 678.4 389.3034
Ball 702.72 385.4614 726.4 401.4686
Ball 760.96 421.95836 783.36 440.52712
Ball 771.2 404.03015999999997 792.32 418.11704000000003
Ball 807.68 375.21652 821.12 390.58384
Ball 812.16 429.0018 833.92 444.36911999999995
Ball 881.28 385.4614 904.96 407.87216
