Ball 277.082112 580.789926 343.341056 649.472661
Ball 313.223168 434.98992599999997 355.388416 475.95899699999995
Ball 345.750528 401.251077 383.096832 437.4
Ball 425.261056 403.66115099999996 461.402112 442.22014800000005
Ball 538.503168 501.262587 593.92 557.895681
Ball 563.802112 481.983453 611.990528 536.206473
Ball 655.36 413.30071799999996 697.524224 451.859715
Ball 655.36 450.654678 703.548416 496.443168
Ball 751.736832 442.22014800000005 795.106304 488.00790900000004
Ball 796.310528 420.53094000000004 837.270528 459.089208
